{"Rear Admiral [Lv. 1800]":[[2249.67822265625,50.57746124267578,-2277.017578125,0.19059085845947267,-0.6420274972915649,-0.7426141500473023,0.9071711301803589,0.40426045656204226,-0.11667945981025696,0.37512099742889407,-0.6514400243759155,0.659477174282074],[2243.622802734375,50.86699676513672,-2200.822021484375,0.9828749895095825,0,-0.18427406251430512,0,1,0,0.1842740774154663,0,0.9828749895095825],[2357.780517578125,49.714866638183597,-2225.6572265625,-0.9996888637542725,0,-0.024945121258497239,0,1,0,0.024945121258497239,0,-0.9996888637542725],[2342.302001953125,49.714866638183597,-2289.4755859375,-0.024989962577819825,0,0.9996877312660217,0,1,0,-0.9996877312660217,0,-0.024989962577819825],[2344.43359375,108.3779296875,-2289.200439453125,0.14530915021896363,0,0.9893863201141357,0,1,0,-0.9893863201141357,0,0.14530915021896363],[2360.462158203125,121.97905731201172,-2225.897216796875,-0.3960827589035034,0.8771936893463135,0.2713848948478699,0.21185541152954102,0.37488627433776858,-0.9025396108627319,-0.8934404253959656,-0.2999860346317291,-0.3343242406845093],[2448.676513671875,-501.2803649902344,-2456.372314453125,0.3958668112754822,0.7495645880699158,-0.5305113792419434,-0.780335009098053,-0.029979228973388673,-0.6246427297592163,-0.4841143786907196,0.6612519025802612,0.573043704032898],[2249.769775390625,164.28675842285157,-2272.35595703125,-0.9598274230957031,0.2131965607404709,0.18242397904396058,0.2329527586698532,0.9678823947906494,0.09453398734331131,-0.15641063451766969,0.1332324743270874,-0.9786648750305176],[2346.966796875,169.69760131835938,-2290.091064453125,0.14530915021896363,0,0.9893863201141357,0,1,0,-0.9893863201141357,0,0.14530915021896363],[2360.5908203125,179.0360107421875,-2225.446533203125,-0.2094414234161377,0.007685987278819084,0.9777910113334656,-0.06684917956590653,0.9975169897079468,-0.022160036489367486,-0.9755334258079529,-0.07000575214624405,-0.20840752124786378],[2243.603759765625,134.2846221923828,-2205.58837890625,0.9190584421157837,0,0.39412128925323489,0,1,0,-0.39412128925323489,0,0.9190584421157837],[2205.408447265625,-507.4320068359375,-2375.1416015625,-0.6949418783187866,-0.6149678230285645,-0.37265416979789736,-0.7101064920425415,0.5053723454475403,0.4902527928352356,-0.11316046118736267,0.6053211092948914,-0.7878971099853516]],"Sally [Lv. 3450]":[[-9584.4970703125,56.31252670288086,-5275.30712890625,-0.941071629524231,0.337557315826416,0.020960692316293718,-0.01583954691886902,0.01791858673095703,-0.9997140169143677,-0.3378363251686096,-0.9411344528198242,-0.01151591818779707],[-9639.41015625,59.838783264160159,-5240.8505859375,0.6410101056098938,0,-0.7675324082374573,0,1,0,0.7675324082374573,0,0.6410101056098938],[-9597.3408203125,217.40525817871095,-5271.130859375,-0.00002849102020263672,0.8628038167953491,-0.5055392384529114,0.00001621246337890625,0.505539059638977,0.8628038167953491,1.000000238418579,0.00001621246337890625,-0.00002849102020263672],[-9625.662109375,58.298824310302737,-5328.40380859375,0.9925729036331177,-0.07333430647850037,0.09706215560436249,0.03624474257230759,-0.5833660364151001,-0.8114006519317627,0.11612622439861298,0.8088923692703247,-0.5763753652572632],[-9598.435546875,107.0032730102539,-5271.58154296875,-0.000040531158447265628,0.865990161895752,-0.50006103515625,0.00002339482307434082,0.50006103515625,0.865990161895752,1,0.00002339482307434082,-0.000040531158447265628],[-9591.8974609375,55.8189697265625,-5215.03564453125,-0.6518785953521729,-0.005011985544115305,0.7583068013191223,0.016307739540934564,0.999654233455658,0.020626109093427659,-0.7581480145454407,0.02581198886036873,-0.65157151222229]],"Pharaoh [Lv. 3175]":[[1886.8917236328126,51.325992584228519,1713.841552734375,0.5761460065841675,0,-0.8173468112945557,0,1,0,0.8173468112945557,0,0.5761460065841675]],"Petra [Lv. 2900]":[[-5738.70068359375,56.85286331176758,1245.745849609375,0.003415405750274658,0,-0.999994158744812,0,1,0,0.999994158744812,0,0.003415405750274658],[-5667.92236328125,56.8114013671875,1232.999267578125,0,0,-1,0,1,0,1,0,0]],"Fiore Pirate [Lv. 3650]":[[6156.73779296875,71.84100341796875,-3069.974609375,0.6402782201766968,0,0.7681431770324707,0,1,0,-0.7681431770324707,0,0.6402782201766968],[5995.8984375,71.84100341796875,-3128.871337890625,-0.640278697013855,0,-0.7681431770324707,0,1,0,0.7681431770324707,0,-0.640278697013855],[6098.8984375,71.84100341796875,-3189.806396484375,-0.7681821584701538,0,0.6402313709259033,0,1,0,-0.6402313709259033,0,-0.7681821584701538],[6035.67578125,71.84100341796875,-2998.49072265625,0.7681821584701538,0,-0.6402313709259033,0,1,0,0.6402313709259033,0,0.7681821584701538],[6074.22705078125,71.49786376953125,-3121.16845703125,-0.5404012203216553,0.8162002563476563,0.20441241562366486,0.8237614631652832,0.5627107620239258,-0.06909255683422089,-0.1714184433221817,0.13104934990406037,-0.9764440059661865],[5878.97802734375,93.71562194824219,-2987.66064453125,-0.8081464767456055,0.3286135494709015,-0.4887874126434326,0.3207618296146393,0.9415768980979919,0.10268784314393997,0.49397557973861697,-0.07379753142595291,-0.8663387298583984],[6069.8447265625,162.94248962402345,-3090.843505859375,1,0,0,0,1,0,0,0,1],[6087.9248046875,73.5521011352539,-3060.21630859375,1,0,0,0,1,0,0,0,1],[6087.24462890625,102.78873443603516,-2922.47119140625,-0.9403053522109985,0.3402351438999176,0.00812329351902008,-0.0031791627407073976,0.01508641242980957,-0.9998811483383179,-0.3403172492980957,-0.9402194023132324,-0.01310420036315918]],"Bear Man [Lv. 2750]":[[-4407.84130859375,28.911457061767579,912.2010498046875,-0.7310683727264404,0,0.6823043823242188,0,1,0,-0.6823043823242188,0,-0.7310683727264404],[-4375.92822265625,28.910371780395509,968.6069946289063,-0.7308782339096069,0,0.6825078129768372,0,1,0,-0.6825078129768372,0,-0.7308782339096069],[-4134.8251953125,26.85626220703125,812.0839233398438,-0.9156996011734009,-0.401862233877182,-0.0009593814611434937,0.0013106465339660645,-0.0005991458892822266,-0.999998927116394,0.4018612504005432,-0.9156999588012695,0.0010753870010375977],[-4455.9345703125,29.146705627441408,962.71044921875,-0.6524019241333008,0.00296685378998518,0.7578678131103516,-0.0017114531947299839,0.9999840259552002,-0.005387960933148861,-0.7578717470169067,-0.004812168888747692,-0.6523864269256592]],"Elite Zombie [Lv. 1550]":[[-2837.125,15.293225288391114,4057.515625,0.8765603303909302,0,-0.48129209876060488,0,1,0,0.48129209876060488,0,0.8765603303909302],[-2901.15576171875,15.227992057800293,4002.561767578125,-0.48122739791870119,0,-0.8765959143638611,0,1,0,0.8765959143638611,0,-0.48122739791870119],[-2789.225830078125,15.227992057800293,3992.141357421875,0.8765174150466919,0,-0.4813701808452606,0,1,0,0.4813701808452606,0,0.8765174150466919],[-2851.981201171875,15.227992057800293,3937.741455078125,-0.48131513595581057,0,-0.8765475749969482,0,1,0,0.8765475749969482,0,-0.48131513595581057],[-2906.280517578125,15.22793960571289,4175.11474609375,-0.5375645756721497,0.000039325226680375639,-0.8432226777076721,0.00047847250243648887,0.9999998807907105,-0.00025839521549642086,0.843222439289093,-0.0005423629190772772,-0.5375645756721497],[-2903.90185546875,15.227910995483399,4089.4150390625,-0.4821063280105591,0,-0.8761128187179565,0,1,0,0.8761128187179565,0,-0.4821063280105591]],"Fishman [Lv. 2000]":[[-1668.457763671875,40.25691223144531,6192.00146484375,0.8660072684288025,0,-0.5000314116477966,0,1,0,0.5000314116477966,0,0.8660072684288025],[-1577.1153564453126,39.91254806518555,6201.2041015625,0.49995946884155276,0,0.8660488128662109,0,1,0,-0.8660488128662109,0,0.49995946884155276],[-1678.557861328125,40.089073181152347,6113.353515625,-0.49995946884155276,0,-0.8660488128662109,0,1,0,0.8660488128662109,0,-0.49995946884155276],[-1577.3084716796876,40.25736999511719,6125.7705078125,-0.8660074472427368,0,0.5000314116477966,0,1,0,-0.5000314116477966,0,-0.8660074472427368],[-1630.2352294921876,40.516963958740237,6145.4599609375,0.9905927777290344,0,0.13684271275997163,0,1,0,-0.13684271275997163,0,0.9905927777290344],[-1743.0283203125,41.24062728881836,6227.96923828125,-0.3953019380569458,0,0.9185512065887451,0,1,0,-0.9185512065887451,0,-0.3953019380569458],[-1695.0086669921876,37.25001907348633,6059.7138671875,-0.5671634674072266,-0.8236053586006165,0.0004495680332183838,-0.00030690431594848633,-0.00033473968505859375,-1,0.8236054182052612,-0.5671634674072266,-0.00006318092346191406]],"New World Pirate [Lv. 1700]":[[2322.166015625,49.50031661987305,-1654.4176025390626,-0.997785210609436,0,0.0665174126625061,0,1,0,-0.0665174126625061,0,-0.997785210609436],[2212.953369140625,49.50031661987305,-1662.328857421875,-0.4328439235687256,0,0.9014688730239868,0,1,0,-0.9014688730239868,0,-0.4328439235687256],[2341.815673828125,49.486331939697269,-1558.03173828125,0.06660568714141846,0,0.997779369354248,0,1,0,-0.997779369354248,0,0.06660568714141846],[2252.600341796875,49.485294342041019,-1563.06884765625,-0.265993595123291,0,-0.9639748334884644,0,1,0,0.9639748334884644,0,-0.265993595123291]],"The Volcano [Lv. 3325]":[[-70.12091064453125,130.33946228027345,-3565.196044921875,0.668266773223877,0,-0.7439217567443848,0,1,0,0.7439217567443848,0,0.668266773223877],[43.2906494140625,130.69033813476563,-3684.882080078125,-0.20679903030395509,0,0.9783834218978882,0,1,0,-0.9783834218978882,0,-0.20679903030395509],[-55.64363479614258,130.3395538330078,-3683.406494140625,0.668266773223877,0,-0.7439217567443848,0,1,0,0.7439217567443848,0,0.668266773223877],[39.124755859375,131.7107391357422,-3563.90673828125,-0.668266773223877,0,0.7439217567443848,0,1,0,-0.7439217567443848,0,-0.668266773223877],[10.891162872314454,130.69039916992188,-3779.501953125,0.2921134829521179,0,0.9563837051391602,0,1,0,-0.9563837051391602,0,0.2921134829521179],[-6.896011829376221,127.89774322509766,-3624.737060546875,0.7492496967315674,0.02486502379179001,-0.661820650100708,-0.0027406252920627596,0.9994028210639954,0.03444552794098854,0.66228187084198,-0.023994501680135728,0.7488704323768616],[19.599712371826173,131.80670166015626,-3588.8447265625,0.9985256791114807,0,0.05428195744752884,0,1,0,-0.05428195744752884,0,0.9985256791114807],[224.0408477783203,137.54598999023438,-3537.624267578125,-0.131067156791687,-0.24603623151779176,-0.9603579640388489,-0.24901142716407777,0.9458287954330444,-0.20832952857017518,0.9595908522605896,0.21183496713638307,-0.18523287773132325],[1.3927510976791382,130.84396362304688,-3550.318115234375,-0.4617820978164673,0.012240180745720864,0.886909008026123,-0.004417878109961748,0.9998606443405151,-0.016099251806735994,-0.8869824409484863,-0.0113526014611125,-0.46166372299194338],[38.56037521362305,131.80670166015626,-3614.005615234375,0.999359130859375,0,0.035798415541648868,0,1,0,-0.03579841926693916,0,0.999359130859375],[12.149840354919434,172.23240661621095,-3680.9501953125,0.4045180380344391,0,-0.9145300388336182,0,1,0,0.9145300388336182,0,0.4045180380344391],[42.007232666015628,134.8023681640625,-3592.5791015625,1,0,0,0,1,0,0,0,1],[14.738751411437989,130.78521728515626,-3647.812744140625,-0.9429529905319214,0,-0.33292585611343386,0,1,0,0.33292585611343386,0,-0.9429529905319214],[35.45140838623047,131.80670166015626,-3648.68017578125,-0.9810545444488525,0,0.19373199343681336,0,1,0,-0.19373199343681336,0,-0.9810545444488525]],"King of Sand [Lv. 725]":[[-3088.437744140625,96.94319915771485,-482.65704345703127,0.6691099405288696,0,-0.7431634664535523,0,1,0,0.7431634664535523,0,0.6691099405288696],[-3102.7412109375,99.54960632324219,-434.53662109375,0.6688939332962036,0.002258856315165758,-0.7433544397354126,-0.0037340056151151659,0.9999929666519165,-0.0003212639130651951,0.7433484792709351,0.0029905810952186586,0.6688976287841797],[-2889.361572265625,101.09574890136719,-586.56298828125,-0.9861805438995361,0.16008251905441285,0.04268219694495201,0.16279977560043336,0.9841424822807312,0.07042590528726578,-0.030731406062841417,0.07640130072832108,-0.9966036081314087],[-3150.89501953125,100.41215515136719,-543.77197265625,-0.5319745540618897,0,-0.8467602729797363,0,1,0,0.8467602729797363,0,-0.5319745540618897],[-2992.261962890625,95.70833587646485,-551.810791015625,0.6350563168525696,0.6270525455474854,0.4511193037033081,0.0121690034866333,-0.5920475721359253,0.8058111667633057,0.7723699808120728,-0.5062457323074341,-0.383614182472229],[-2980.370849609375,95.58181762695313,-610.2728271484375,0.933367133140564,0,0.3589231073856354,0,1,0,-0.3589231073856354,0,0.933367133140564],[-3143.885986328125,99.83401489257813,-488.9872741699219,0.670138955116272,-0.11109387874603272,-0.7338746190071106,0.027676228433847429,0.9917877912521362,-0.12486415356397629,0.7417195439338684,0.06336545199155808,0.6677102446556091],[-3062.606201171875,99.67292785644531,-398.7168884277344,0.669075071811676,0.010895824059844017,-0.7431150078773499,-0.015600254759192467,0.9998781085014343,0.0006146482191979885,0.7430310845375061,0.011181537061929703,0.6691634654998779],[-3039.10498046875,93.80668640136719,-444.3146667480469,-0.39239072799682619,-0.9197953939437866,0.0024400055408477785,0.004282742738723755,0.0008257627487182617,0.9999904632568359,-0.9197885990142822,0.3923974931240082,0.003615260124206543]],"Fugitive [Lv. 4050]":[[2838.528076171875,35.74547576904297,1114.5565185546876,0.5854725241661072,0,0.8106922507286072,0,1,0,-0.8106922507286072,0,0.5854725241661072]],"Pondere [Lv. 3525]":[[-10078.4375,37.46562576293945,1411.993408203125,0.6956608295440674,0,-0.7183703780174255,0,1,0,0.7183703780174255,0,0.6956608295440674],[-10017.3896484375,34.274749755859378,1428.0294189453126,0.44945287704467776,0.0025473511777818205,0.8933004140853882,0.0022534052841365339,0.9999895095825195,-0.003985360264778137,-0.893301248550415,0.0038041998632252218,0.44944238662719729]],"Deep Diver [Lv. 4000]":[[1558.654052734375,32.59278869628906,1019.29052734375,0.5502294301986694,-0.8348296880722046,-0.017521772533655168,-0.016978710889816285,0.009793877601623536,-0.9998079538345337,0.8348408937454224,0.5504212379455566,-0.008785451762378216],[1483.447998046875,33.01787185668945,969.45751953125,-0.3902550935745239,0.7630332708358765,-0.5152488350868225,-0.00023213870008476079,0.559541642665863,0.8288023471832275,0.9207067489624023,0.32356390357017519,-0.21818682551383973],[1625.3819580078126,35.259002685546878,990.22998046875,-0.5247647762298584,0,0.8512473106384277,0,1,0,-0.8512473106384277,0,-0.5247647762298584],[1570.0531005859376,35.395381927490237,906.6766357421875,-0.9536793231964111,0,0.30082613229751589,0,1,0,-0.30082613229751589,0,-0.9536793231964111]],"Sword Fishman [Lv. 2100]":[[-1501.3184814453126,40.05186462402344,6696.1171875,0.8660072684288025,0,-0.5000314116477966,0,1,0,0.5000314116477966,0,0.8660072684288025]],"The deep one [Lv. 4200]":[[2930.213623046875,35.59452819824219,84.60309600830078,-0.3693801164627075,0,0.9292784333229065,0,1,0,-0.9292784333229065,0,-0.3693801164627075]],"Dragon [Lv. 5000]":[[-5802.4873046875,410.60101318359377,7648.17529296875,-0.11044199019670487,0.06622178107500076,-0.9916739463806152,-0.050057511776685718,0.9961408376693726,0.07209493964910507,0.9926212430000305,0.05760303512215614,-0.10670086741447449],[-5872.24267578125,405.869140625,7614.59521484375,0.9756191968917847,0,0.21947069466114045,0,1,0,-0.21947069466114045,0,0.9756191968917847],[-5728.05126953125,470.52923583984377,7657.509765625,0.35785195231437685,-0.3460914194583893,0.867273211479187,-0.8703426718711853,0.2128644436597824,0.44406354427337649,-0.33829817175865176,-0.9137338995933533,-0.22504417598247529],[-5812.21435546875,552.4139404296875,7699.3388671875,-0.9274413585662842,-0.09266924858093262,0.36230507493019106,0.37348392605781557,-0.18020756542682649,0.9099642634391785,-0.01903557777404785,0.9792535901069641,0.20174241065979005],[-5976.0771484375,398.9352722167969,7536.16845703125,0.3432474732398987,0.8792684078216553,-0.33025476336479189,-0.6948593258857727,0.0011460355017334223,-0.7191448211669922,-0.631942868232727,0.47632521390914919,0.6113612055778503],[-5977.828125,516.320068359375,7745.01416015625,-0.5273688435554504,0.6520159244537354,-0.5447544455528259,-0.7012545466423035,0.027978572994470598,0.7123618125915527,0.47971266508102419,0.7576889991760254,0.44247403740882876],[-5808.88427734375,405.876953125,7830.6123046875,0.9034621119499207,0,0.4286680519580841,0,1,0,-0.4286680519580841,0,0.9034621119499207],[-5854.80419921875,405.8769226074219,7736.20263671875,0.9418396353721619,0,0.3360626697540283,0,1,0,-0.3360626697540283,0,0.9418396353721619]],"Naval soldier [Lv. 1400]":[[-1309.849365234375,7.30382776260376,2524.21630859375,0,0,-1,0,1,0,1,0,0],[-1350.71337890625,7.30382776260376,2473.311767578125,-1,0,0,0,1,0,0,0,-1],[-1389.85302734375,7.30382776260376,2520.7392578125,0,0,-1,0,1,0,1,0,0],[-1352.56103515625,7.303828239440918,2566.6103515625,1,0,0,0,1,0,0,0,1],[-1215.7796630859376,10.459521293640137,2480.678466796875,0.8987162709236145,-0.25250864028930666,0.35853663086891177,-0.4066123366355896,-0.7860311269760132,0.46564164757728579,0.16424229741096497,-0.5642651319503784,-0.8090921640396118],[-1173.330810546875,7.767064571380615,2553.193115234375,0.6501389741897583,0.028451059013605119,0.7592825889587402,0.0027382653206586839,0.9992044568061829,-0.039785824716091159,-0.7598105669021606,0.02794543467462063,0.649543821811676],[-1229.5177001953126,13.462976455688477,2430.602294921875,0.9999021887779236,0.013983383774757386,0.0003627829719334841,-0.013984248042106629,0.9998990893363953,0.002500861417502165,-0.00032777583692222834,-0.002505689859390259,0.9999967813491821]],"Powerful Beast Pirate [Lv. 2450]":[[-4599.447265625,135.66336059570313,-739.6739501953125,-0.07472598552703858,0,0.9972042441368103,0,1,0,-0.9972042441368103,0,-0.07472598552703858],[-4716.98486328125,135.6633758544922,-742.9440307617188,0.0747256875038147,0,-0.9972042441368103,0,1,0,0.9972042441368103,0,0.0747256875038147],[-4666.0283203125,135.6633758544922,-818.242431640625,-0.9972062110900879,0,-0.07470264285802841,0,1,0,0.07470264285802841,0,-0.9972062110900879],[-4657.025390625,135.6633758544922,-679.7763061523438,0.9972058534622192,0,0.07470264285802841,0,1,0,-0.07470264285802841,0,0.9972058534622192],[-4622.83056640625,132.84771728515626,-897.5433959960938,-0.6935935020446777,-0.7203664183616638,-0.0005313456058502197,-0.0002549886703491211,-0.000492095947265625,0.9999998807907105,-0.7203665971755981,0.6935935020446777,0.0001575946807861328],[-4647.78369140625,132.84771728515626,-757.5706787109375,0.8067220449447632,-0.5909306406974793,0.0007375446148216724,-0.0002622386673465371,-0.0016061060596257449,-0.9999986886978149,0.5909310579299927,0.8067207932472229,-0.0014506460865959526],[-4638.70166015625,132.85943603515626,-735.0277099609375,-0.8986222743988037,0.43872350454330447,-0.0006093978881835938,-0.0021556466817855837,-0.005804538726806641,-0.9999809861183167,-0.43871864676475527,-0.8986034989356995,0.006161510944366455],[-4755.65869140625,133.26568603515626,-729.5433349609375,-0.3912772834300995,0.00798557884991169,0.9202381372451782,0.0003659826470538974,0.999963641166687,-0.008521802723407746,-0.920272707939148,-0.002997596748173237,-0.39126598834991457],[-4664.17822265625,132.87506103515626,-792.5003662109375,0.9620823264122009,0.27245643734931948,-0.01285603828728199,-0.008908079005777836,-0.015722274780273439,-0.9998367428779602,-0.27261409163475039,0.9620396494865418,-0.012699059210717678],[-4642.80712890625,132.79302978515626,-846.8012084960938,0.6096241474151611,0.7926831245422363,-0.0034480392932891847,-0.0004946291446685791,-0.003969430923461914,-0.9999920725822449,-0.7926905155181885,0.609620988368988,-0.002027750015258789],[-4608.95947265625,132.85552978515626,-772.1644287109375,-0.10065913200378418,-0.9949039816856384,-0.00581763032823801,-0.0014706254005432129,0.005996108055114746,-0.9999809265136719,0.9949198961257935,-0.1006486564874649,-0.0020666939672082664],[-4701.14697265625,132.87506103515626,-701.0979614257813,-0.09018945693969727,-0.9959242343902588,0.0011155903339385987,-0.02267754077911377,0.000933527946472168,-0.9997426271438599,0.9956666231155396,-0.09019136428833008,-0.022669553756713868],[-4667.41259765625,132.85162353515626,-737.5394287109375,0.9952785968780518,0.09705892950296402,0.0002053045463981107,-0.000205308198928833,0.004220545757561922,-0.9999910593032837,-0.09705891460180283,0.995269775390625,0.004220545757561922],[-4688.83447265625,132.87896728515626,-677.7112426757813,0.8589532971382141,-0.5120106935501099,-0.006654807366430759,0.017471149563789369,0.01631605625152588,0.9997143149375916,-0.5117558240890503,-0.8588240742683411,0.022960146889090539],[-4689.53369140625,132.86724853515626,-795.2425537109375,-0.20161814987659455,-0.9793909192085266,-0.011978999711573124,0.006869195029139519,-0.013643739745020867,0.9998834133148193,-0.9794400930404663,0.20151233673095704,0.009478454478085041],[-4698.50634765625,132.85943603515626,-733.8636474609375,0.3517027497291565,-0.9361095428466797,-0.0020336508750915529,-0.004141271114349365,-0.0037282705307006838,0.9999845027923584,-0.936102569103241,-0.3516888916492462,-0.005187869071960449],[-4728.27978515625,132.79302978515626,-837.3676147460938,0.9158706068992615,-0.4014620780944824,0.0030383230186998846,0.0031747967004776,-0.00032532215118408203,-0.9999949336051941,0.40146100521087649,0.9158756136894226,0.000976607552729547],[-4607.904296875,132.79693603515626,-660.7190551757813,0.9302499890327454,0.3669261634349823,-0.0003345757722854614,-0.00002518296241760254,-0.0008480548858642578,-0.9999996423721314,-0.36692631244659426,0.9302496910095215,-0.0007796287536621094],[-4777.48681640625,132.84771728515626,-877.9418334960938,-0.1875239610671997,-0.98225998878479,0.0001043081283569336,-0.0002719461917877197,-0.00005424022674560547,-0.9999999403953552,0.98225998878479,-0.18752402067184449,-0.0002568960189819336],[-4527.060546875,132.85552978515626,-1041.50439453125,-0.3899538516998291,-0.9208246469497681,-0.004231899976730347,-0.006352245807647705,-0.001905679702758789,0.9999780654907227,-0.9208124876022339,0.3899722397327423,-0.005106210708618164],[-4657.57275390625,132.87115478515626,-700.0276489257813,0.5269007086753845,-0.8498503565788269,0.011406603269279004,-0.022619128227233888,-0.0006052255630493164,0.9997439980506897,-0.849625825881958,-0.5270238518714905,-0.019541766494512559],[-4643.90478515625,132.85943603515626,-807.6605224609375,-0.9717092514038086,-0.23617763817310334,0.0011051148176193238,-0.0007414817810058594,0.007729768753051758,0.9999698400497437,-0.23617906868457795,0.9716790914535523,-0.007686138153076172],[-4602.232421875,132.86724853515626,-704.2738037109375,0.37176287174224856,0.9281823635101318,0.016428261995315553,0.0026402436196804048,-0.01875370740890503,0.9998206496238709,0.9283239841461182,-0.37165284156799319,-0.00942255835980177],[-4772.34228515625,132.79693603515626,-718.2347412109375,-0.9776980876922607,0.2100139856338501,0.000780150294303894,0.0009193867444992065,0.0005653500556945801,0.9999994039535523,0.21001341938972474,0.9776982069015503,-0.0007457733154296875],[-4566.900390625,132.79693603515626,-804.5120849609375,0.9996650815010071,0.025878263637423517,-0.00024986639618873596,-0.00023840367794036865,-0.00044608116149902344,-0.9999999403953552,-0.02587837167084217,0.9996650815010071,-0.00043976306915283203],[-4744.55712890625,132.85162353515626,-749.7698974609375,-0.2710747718811035,0.9625457525253296,-0.004930868744850159,-0.00042185187339782715,0.005003869999200106,0.9999874830245972,0.9625582098960877,0.27107346057891848,-0.0009503711480647326],[-4653.5849609375,-98.27946472167969,-673.4183959960938,-0.975101113319397,0.22173699736595155,0.0032751900143921377,-0.00679368618875742,-0.015107035636901856,-0.9998628497123718,-0.22165712714195252,-0.9749894738197327,0.016237298026680948],[-4617.13916015625,132.87506103515626,-753.5472412109375,-0.7690162658691406,0.6390587687492371,-0.014771133661270142,-0.020475804805755616,-0.001530766487121582,0.9997892379760742,0.6389014720916748,0.7691564559936523,0.01426231861114502],[-4646.9658203125,133.90972900390626,-658.1447143554688,-0.555367112159729,0.1821931004524231,-0.8114019632339478,-0.3670353889465332,-0.9292325377464294,0.042567867785692218,-0.7462254762649536,0.3214540183544159,0.5829364657402039],[-4553.189453125,132.79693603515626,-787.8441162109375,-0.018050312995910646,0.9998370409011841,0.00008758902549743652,-0.0012188851833343506,0.00006556510925292969,-0.9999992251396179,-0.9998363256454468,-0.01805037260055542,0.001217484474182129],[-4720.31494140625,132.85943603515626,-767.5706787109375,0.9594237208366394,0.28188416361808779,0.00688957842066884,0.008130492642521859,-0.003232792718335986,-0.999961793422699,-0.2818511128425598,0.9594430327415466,-0.005393474828451872],[-4642.47119140625,132.86724853515626,-783.4730224609375,-0.5257227420806885,-0.8506378531455994,0.005554646253585815,-0.00832676887512207,0.011675536632537842,0.9998971223831177,-0.8506152629852295,0.5256223678588867,-0.013221144676208496],[-4675.97900390625,132.87506103515626,-718.2034912109375,0.6291553378105164,-0.7770203351974487,-0.020078465342521669,0.00779613945633173,-0.01952207274734974,0.9997791051864624,-0.7772406339645386,-0.6291727423667908,-0.006224657408893108],[-4732.33837890625,132.79302978515626,-687.3401489257813,0.7900547981262207,0.6130356788635254,0.0007941722869873047,0.0010537207126617432,-0.00006246566772460938,-0.9999994039535523,-0.6130353212356567,0.7900551557540894,-0.000695347785949707],[-4625.34228515625,132.86724853515626,-716.1370849609375,0.8375154733657837,0.5463801026344299,0.006059697363525629,-0.012194126844406128,0.007602216210216284,0.999896764755249,0.5462775230407715,-0.8375029563903809,0.01302960142493248],[-4758.42431640625,135.47703552246095,-794.314208984375,0.39747440814971926,0,0.9176132678985596,0,1,0,-0.9176132678985596,0,0.39747440814971926],[-4641.88525390625,133.89459228515626,-980.03173828125,-0.17706143856048585,-0.9841117858886719,-0.013174653053283692,0.006398707628250122,0.012234628200531006,-0.9999048709869385,0.9841791987419128,-0.17712870240211488,0.004130542278289795]],"Leo [Lv. 1450]":[[-1160.4482421875,7.856080055236816,2519.49658203125,0,0,1,0,1,0,-1,0,0],[-1242.442138671875,10.463043212890625,2501.09619140625,0.1899474859237671,0.7836751341819763,0.5914163589477539,-0.030378758907318116,0.6067860722541809,-0.794284462928772,-0.9813241958618164,0.13290584087371827,0.13906455039978028],[-1315.9027099609376,7.543923377990723,2464.62744140625,-0.27340054512023928,0.0009504256304353476,-0.9618998169898987,0.00001388517557643354,0.9999995231628418,0.0009841242572292686,0.9619002938270569,0.0002557038969825953,-0.2734004259109497],[-1181.700927734375,12.997389793395996,2579.777099609375,0.9999953508377075,0.0030214758589863779,-0.00034346201573498547,-0.00302105862647295,0.999994695186615,0.0012090284144505859,0.00034711326588876545,-0.0012079851003363729,0.9999992251396179]],"Bandit Beast Pirate [Lv. 2400]":[[-4463.46630859375,135.752685546875,-1153.7578125,-0.9786648750305176,0,0.20546382665634156,0,1,0,-0.20546382665634156,0,-0.9786648750305176],[-4559.3583984375,135.75267028808595,-1065.28369140625,-0.2194688320159912,0,-0.9756195545196533,0,1,0,0.9756195545196533,0,-0.2194688320159912],[-4454.16455078125,135.752685546875,-992.877685546875,0.9773615598678589,0,-0.21157610416412354,0,1,0,0.21157610416412354,0,0.9773615598678589],[-4398.0048828125,135.752685546875,-1076.8355712890626,0.22194749116897584,0,0.9750586152076721,0,1,0,-0.9750586152076721,0,0.22194749116897584],[-4462.62109375,43.757164001464847,-1155.2431640625,-0.9978166818618774,-0.06597564369440079,0.0030295257456600668,0.004168862942606211,-0.017138244584202768,0.9998445510864258,-0.06591346114873886,0.9976741075515747,0.017375869676470758],[-4479.3955078125,138.89068603515626,-1055.795654296875,-0.5772889852523804,0.13552920520305634,0.8052142262458801,0.06851519644260407,0.9906914830207825,-0.1176265999674797,-0.8136606812477112,-0.01273510605096817,-0.5812010765075684],[-4492.8779296875,135.9923095703125,-1088.7392578125,0.9906867146492004,0.000001951280637513264,0.13616152107715608,-6.102813472352864e-7,1,-0.000009890335604723078,-0.13616153597831727,0.000009715125997900032,0.9906867146492004],[-4463.291015625,132.87506103515626,-1067.62548828125,-0.12103772163391113,-0.9926113486289978,0.008520066738128662,0.007291615009307861,0.007693886756896973,0.9999437928199768,-0.992621123790741,0.12109297513961792,0.006306469440460205],[-4475.80517578125,135.99224853515626,-995.5250854492188,0.38536199927330019,0,0.9227655529975891,0,1,0,-0.9227655529975891,0,0.38536199927330019],[-4508.15234375,135.99224853515626,-1066.2705078125,-0.8419511318206787,0,-0.5395539999008179,0,1,0,0.5395539999008179,0,-0.8419511318206787],[-4454.09423828125,135.99224853515626,-1127.8531494140626,-0.9907211661338806,0,0.13591048121452332,0,1,0,-0.13591048121452332,0,-0.9907211661338806],[-4332.677734375,132.79693603515626,-1180.0474853515626,0.6756587028503418,0.7372138500213623,-0.001049727201461792,-0.00017943978309631348,-0.001259446144104004,-0.9999992251396179,-0.7372145652770996,0.6756584048271179,-0.0007187128067016602],[-4453.029296875,133.26959228515626,-1213.8560791015626,-0.41831734776496889,0.0022542248480021955,0.9082981944084168,0.00007343395554926246,-0.9999969005584717,0.002515623578801751,0.9083009958267212,0.0011190290097147227,0.4183158576488495],[-4471.412109375,132.87115478515626,-1031.98095703125,0.00825953483581543,0.9999517202377319,0.005321049597114325,-0.013208389282226563,0.005429863929748535,-0.9998980164527893,-0.9998786449432373,0.00818841066211462,0.013252600096166134],[-4448.818359375,132.78912353515626,-968.66845703125,-0.2311939001083374,-0.972907543182373,0.0005095303058624268,-0.0004137754440307617,0.0006220340728759766,0.9999997615814209,-0.972907543182373,0.2311936914920807,-0.0005463361740112305],[-4448.005859375,132.85162353515626,-1012.69580078125,-0.9413853883743286,0.33731168508529665,0.0037758946418762209,0.0035609155893325807,-0.0012559890747070313,0.999992847442627,0.33731400966644289,0.941392183303833,-0.000018715858459472657],[-4534.462890625,132.84381103515626,-1057.31689453125,0.3640807867050171,-0.9313664436340332,-0.0013174712657928467,0.0035217702388763429,-0.00003790855407714844,0.9999938011169434,-0.9313607215881348,-0.3640831410884857,0.003266274929046631],[-4648.67041015625,133.88287353515626,-986.78173828125,0.04386711120605469,0.9990191459655762,-0.006027668714523315,0.001998037099838257,0.005945742130279541,0.9999803304672241,0.9990353584289551,-0.04387831687927246,-0.0017352104187011719],[-4304.150390625,132.79302978515626,-1074.85986328125,-0.23293018341064454,0.9724915027618408,0.001945406198501587,0.00227200984954834,-0.0014562606811523438,0.9999963045120239,0.9724907875061035,0.23293372988700868,-0.001870274543762207],[-4420.013671875,132.86334228515626,-1044.38720703125,0.9040120840072632,0.42750459909439089,-0.001399810193106532,-0.008069679141044617,0.020337941125035287,0.9997606873512268,0.4274306893348694,-0.903784453868866,0.0218355692923069],[-4420.904296875,132.85943603515626,-1087.66845703125,-0.8463526964187622,0.532588005065918,0.00609588623046875,0.007862180471420288,0.0010486841201782227,0.9999685883522034,0.5325648784637451,0.846373975276947,-0.005074858665466309],[-4516.283203125,132.87115478515626,-1103.74267578125,0.7940406799316406,-0.6078149080276489,0.007774770259857178,-0.00679352879524231,0.003915965557098389,0.9999693036079407,-0.6078266501426697,-0.7940691113471985,-0.0010197162628173829],[-4530.185546875,132.85552978515626,-1009.22314453125,-0.3342111110687256,-0.9424982070922852,-0.0002034604549407959,0.0004944503307342529,0.000040531158447265628,-0.9999998807907105,0.9424980878829956,-0.33421120047569277,0.0004525184631347656],[-4362.705078125,132.77740478515626,-978.01611328125,0.5951794385910034,-0.8035725355148315,0.005703657865524292,0.006616145372390747,-0.002197265625,-0.9999756217002869,0.803565502166748,0.595202624797821,0.004008769989013672],[-4402.990234375,132.84771728515626,-1018.13720703125,-0.3588402271270752,-0.9333987236022949,-0.0007745027542114258,0.0028479397296905519,-0.0002651214599609375,-0.9999959468841553,0.9333946704864502,-0.3588409721851349,0.0027533769607543947],[-4506.822265625,132.84771728515626,-986.81298828125,-0.8231990337371826,-0.5677487850189209,-0.0021671056747436525,-0.0017957985401153565,-0.0012133121490478516,0.9999976754188538,-0.567750096321106,0.8232010006904602,-0.00002086162567138672],[-4477.166015625,132.85552978515626,-1134.44970703125,0.9156712889671326,0.4018825590610504,-0.006040483713150024,-0.0005447268486022949,0.016269564628601075,0.9998674988746643,0.4019275903701782,-0.915546715259552,0.015116512775421143],[-4466.630859375,132.87115478515626,-1096.49658203125,-0.44393086433410647,0.8960450291633606,-0.00538027286529541,-0.015572309494018555,-0.0017113685607910157,0.9998773336410523,0.8959258198738098,0.4439600706100464,0.014713168144226075],[-4440.509765625,133.33209228515626,-1080.67626953125,-0.5771751403808594,-0.00467836856842041,0.8166069388389587,0.0000742876436561346,-0.9999839067459106,-0.00567643390968442,0.8166204690933228,-0.0032156326342374088,0.5771661400794983],[-4585.384765625,132.85162353515626,-1076.22314453125,0.8321177959442139,0.5545955896377564,-0.0019297599792480469,-0.004496514797210693,0.0032671093940734865,-0.9999845027923584,-0.5545806884765625,0.8321136236190796,0.005212366580963135],[-4434.830078125,132.78912353515626,-932.4887084960938,-0.40084147453308108,-0.9161276817321777,-0.006003707647323608,0.0002823770046234131,-0.006676793098449707,0.999977707862854,-0.9161473512649536,0.4008308947086334,0.002935051918029785],[-4450.595703125,133.66802978515626,-882.45751953125,0.7909476161003113,-0.6117902994155884,-0.010699957609176636,0.03914986178278923,0.033147990703582767,0.9986833930015564,-0.6106301546096802,-0.7903251647949219,0.05016982555389404],[-4373.998046875,132.79693603515626,-1071.79736328125,-0.4041168689727783,-0.9147073030471802,-0.00034859776496887207,0.0003673434257507324,0.0002187490463256836,-1,0.9147073030471802,-0.40411701798439028,0.00024759769439697266],[-4612.71337890625,132.79693603515626,-955.8480834960938,-0.4304077625274658,-0.9026345610618591,-0.000034362077713012698,-0.00017219781875610352,0.00004404783248901367,0.9999999403953552,-0.9026345014572144,0.43040770292282107,-0.00017440319061279297],[-4687.03369140625,133.36334228515626,-1055.32861328125,-0.2336263656616211,-0.9711555242538452,0.04770595580339432,-0.4821234941482544,0.15831051766872407,0.8616814017295837,-0.8443788290023804,0.17831134796142579,-0.5052024126052856],[-4608.07275390625,132.78912353515626,-1059.17236328125,-0.8383597135543823,0.5451171398162842,-0.0005867183208465576,-0.0009348392486572266,-0.00036144256591796875,0.9999995231628418,0.545116662979126,0.8383598327636719,0.0008126497268676758],[-4500.466796875,133.35162353515626,-967.8246459960938,-0.4057581424713135,-0.0036254585720598699,-0.913973331451416,-0.006072185467928648,0.9999807476997376,-0.0012708796421065927,0.913960337638855,0.005034145433455706,-0.4057723581790924],[-4565.724609375,132.75006103515626,-1158.6998291015626,-0.2935284376144409,0.9559449553489685,-0.0032005012035369875,-0.00005882978439331055,-0.0033659934997558595,-0.9999942779541016,-0.9559502601623535,-0.29352661967277529,0.0010442733764648438],[-4572.177734375,132.78912353515626,-976.43017578125,0.22459477186203004,0.9744513034820557,-0.0013149678707122803,-0.002270251512527466,0.001872718334197998,0.9999957084655762,0.974449634552002,-0.22459080815315247,0.0026328563690185549],[-4631.10009765625,132.79693603515626,-1140.64501953125,0.46888893842697146,0.8832570910453796,0.00006103515625,0.0004620552062988281,-0.0001761913299560547,-0.9999998807907105,-0.8832569718360901,0.46888890862464907,-0.0004906654357910156],[-4585.673828125,132.78521728515626,-1031.03955078125,0.22640883922576905,0.9740325212478638,0.0000035762786865234377,0.006688117980957031,-0.0015511512756347657,-0.999976634979248,-0.9740095734596252,0.22640374302864076,-0.006865739822387695]],"Vice Admiral [Lv. 3500]":[[-10070.8076171875,37.36028289794922,218.50140380859376,-0.6635390520095825,0,0.7481415867805481,0,1,0,-0.7481415867805481,0,-0.6635390520095825],[-10217.95703125,37.360286712646487,233.80722045898438,-0.7481961250305176,0,-0.6634775996208191,0,1,0,0.6634775996208191,0,-0.7481961250305176],[-10135.576171875,37.360286712646487,437.04656982421877,0.6634683012962341,0,-0.7482044100761414,0,1,0,0.7482044100761414,0,0.6634683012962341],[-9949.095703125,37.46698760986328,603.3081665039063,-0.9996259212493897,0,-0.027361523360013963,0,1,0,0.027361523360013963,0,-0.9996259212493897],[-10000.6455078125,37.358890533447269,449.932373046875,0.35632258653640749,0,0.9343629479408264,0,1,0,-0.9343629479408264,0,0.35632258653640749],[-9989.810546875,48.590614318847659,545.7779541015625,1,0,0,0,1,0,0,0,1],[-10122.373046875,44.849544525146487,405.71038818359377,0.9999968409538269,-0.002502623712643981,-0.00018269085558131337,0.002504009520635009,0.9999646544456482,0.008027661591768265,0.00016259419498965144,-0.008028093725442887,0.9999677538871765],[-10099.2001953125,49.08674240112305,362.8152160644531,1,0,0,0,1,0,0,0,1]],"Azlan [Lv. 3300]":[[-652.4578247070313,56.42432403564453,-2742.595703125,0.6832116842269898,0,-0.730220377445221,0,1,0,0.730220377445221,0,0.6832116842269898],[-703.5232543945313,56.41173553466797,-2986.866455078125,-0.32590317726135256,0,0.9454031586647034,0,1,0,-0.9454031586647034,0,-0.32590317726135256],[-776.1025390625,56.424339294433597,-2872.271240234375,-0.7302446365356445,0,-0.6831858158111572,0,1,0,0.6831858158111572,0,-0.7302446365356445],[-809.9415893554688,56.413787841796878,-2708.98291015625,0.49883657693862917,0,-0.8666960597038269,0,1,0,0.8666960597038269,0,0.49883657693862917],[-712.1611328125,56.990074157714847,-2914.15478515625,-0.5602661967277527,0.017831992357969285,0.8281206488609314,0.013986456207931042,0.9998294115066528,-0.012066851370036602,-0.8281944990158081,0.004821824375540018,-0.560420036315918],[-672.6275634765625,56.842655181884769,-2649.10888671875,-0.8532811403274536,0.46296635270118716,-0.23994459211826325,0.13840565085411073,0.6447228193283081,0.7517821192741394,0.5027475953102112,0.6082718968391419,-0.6142070293426514],[-765.07666015625,56.12067794799805,-2847.893798828125,-0.9973396062850952,0.0009520588209852576,-0.07289353758096695,0.0009457622654736042,0.9999995231628418,0.00012089539814041927,0.07289362698793411,0.00005163378227734938,-0.9973400831222534],[-741.5684204101563,54.570030212402347,-2853.46875,-0.768277645111084,-0.29237374663352969,-0.5694446563720703,-0.07203742116689682,0.9234343767166138,-0.37693437933921816,0.6360504627227783,-0.24856892228126527,-0.7305158376693726],[-765.5447998046875,87.049072265625,-2886.392578125,0.7693561315536499,0,0.6388201117515564,0,1,0,-0.6388201117515564,0,0.7693561315536499],[-764.1091918945313,53.43638610839844,-2748.504150390625,-0.8345787525177002,-0.44205886125564577,0.32872846722602847,0.06410713493824005,0.5147358179092407,0.8549487590789795,-0.5471459627151489,0.7345958948135376,-0.401248574256897],[-738.4537963867188,54.955318450927737,-2759.064453125,0.8562526106834412,0.09417630732059479,-0.5078999400138855,-0.026143301278352739,0.9898808002471924,0.13947248458862306,0.515895426273346,-0.10614549368619919,0.8500500917434692],[-785.8351440429688,108.85718536376953,-2725.168212890625,1,0,0,0,1,0,0,0,1],[-740.8206787109375,123.34535217285156,-2828.40771484375,1,0,0,0,1,0,0,0,1],[-821.4769287109375,119.10133361816406,-2826.68212890625,1,0,0,0,1,0,0,0,1],[-743.558837890625,54.57085037231445,-2829.376953125,-0.8607853651046753,-0.17165444791316987,-0.47914889454841616,-0.025870397686958314,0.9549509286880493,-0.29563403129577639,0.5083105564117432,-0.2420816272497177,-0.8264485597610474],[-815.2843017578125,124.00457763671875,-2778.017333984375,1,0,0,0,1,0,0,0,1],[-708.2368774414063,55.01331329345703,-2826.57666015625,